>MA0265.1	ABF1																					
A		0.11	0	0	0	0.41	0.22	0.39	0.34	0.4	0.41	0.12	0	0.92	0	0.37	0.34					
C		0.41	0.99	0	0	0.17	0.24	0.16	0.18	0.21	0	0.25	0	0.8	0.45	0.22	0.18					
G		0.4	0	0.99	0	0.22	0.26	0.28	0.2	0.24	0.57	0.9	0.81	0	0.9	0.18	0.14					
T		0.44	0.1	0	0.99	0.2	0.28	0.17	0.28	0.15	0	0.55	0.19	0	0.46	0.23	0.34					
																						
>MA0266.1	ABF2																					
A		0.18	0.9	0	0	0.1	0	0.95														
C		0.39	0.9	0.1	0	0	0	0.2														
G		0.25	0.2	0	0	0	0.1	0.2														
T		0.18	0.8	0	0.1	0	0	0.2														
																						
>MA0267.1	ACE2																					
A		0.45	0.1	0	0.9	0	0	0.49														
C		0.28	0.92	0.1	0.1	0	0.1	0.2														
G		0.21	0.6	0	0	0.1	0	0.17														
T		0.5	0.1	0	0	0	0	0.14														
																						
>MA0268.1	ADR1																					
A		0.41	0	0	0	0	0.64	0.34														
C		0.24	0.1	0.85	0.1	0.1	0.6	0.51														
G		0.13	0	0	0	0	0.2	0.6														
T		0.22	0	0.15	0	0	0.1	0.9														
																						
>MA0269.1	AFT1																					
A		0.106	0.155	0.362	0.179	0.426	0.136	0.716	0.145	0.34	0.16	0.1	0.961	0.8	0.25	0.19	0.181	0.265	0.287	0.276	0.123	0.154
C		0.205	0.249	0.197	0.396	0.231	0.78	0.25	0.31	0.47	0.1	0.966	0.9	0.972	0.955	0.74	0.257	0.252	0.155	0.18	0.225	0.236
G		0.231	0.22	0.221	0.222	0.154	0.142	0.31	0.288	0.39	0.812	0.11	0.15	0.9	0.2	0.13	0.494	0.241	0.183	0.68	0.357	0.458
T		0.456	0.374	0.218	0.2	0.187	0.641	0.226	0.535	0.878	0.16	0.1	0.14	0.1	0.16	0.225	0.65	0.24	0.373	0.474	0.292	0.15
																						
>MA0270.1	AFT2																					
A		0.8	0.7	0	0.1	0	0	0	0.9													
C		0.45	0	0.1	0	0.1	0.1	0.1	0.42													
G		0.27	0.3	0	0	0	0	0	0.27													
T		0.2	0	0	0	0	0	0	0.21													
																						
>MA0271.1	ARG80																					
A		0.89	0	0.161	0	0.44	0															
C		0	0	0	0.301	0	0.256															
G		0	0.301	0	0	0.79	0															
T		0.69	0	0	0	0.69	0.2															
																						
>MA0272.1	ARG81																					
A		0.59	0.6	0.2	0.169	0	0.1	0	0.59													
C		0.12	0	0	0	0.271	0	0.279	0.59													
G		0.83	0.4	0.239	0	0	0	0	0.4													
T		0.44	0.154	0	0	0.1	0.164	0	0.64													
																						
>MA0273.1	ARO80																					
A		0.102	0.33	0.126	0.407	0.39	0.31	0.83	0.4	0.5	0.5	0.1	0.1	0.15	0.67	0.69	0.105	0.269	0.353	0.257	0.236	0.278
C		0.155	0.193	0.232	0.253	0.193	0.198	0.154	0.744	0.231	0.987	0.22	0.5	0.359	0.4	0.68	0.222	0.119	0.21	0.217	0.103	0.252
G		0.531	0.301	0.317	0.203	0.229	0.135	0.336	0.3	0.8	0.1	0.975	0.99	0.295	0.6	0.6	0.372	0.193	0.205	0.178	0.349	0.17
T		0.21	0.174	0.323	0.136	0.186	0.355	0.426	0.185	0.753	0.5	0.1	0.2	0.329	0.318	0.181	0.299	0.418	0.23	0.347	0.31	0.298
																						
>MA0274.1	ARR1																					
A		0.16	0.24	0.3	0	0.73	0.129	0.137	0.11													
C		0	0.75	0.7	0	0	0.41	0	0													
G		0	0.29	0	0	0.161	0.12	0.29	0.24													
T		0	0.73	0.87	0.161	0	0	0.3	0.129													
																						
>MA0275.1	ASG1																					
A		0	0	0	0	0.72	0.53															
C		0.76	0.1	0	0	0.11	0															
G		0	0	0.1	0.1	0.16	0															
T		0.24	0	0	0	0	0.47															
																						
>MA0276.1	ASH1																					
A		0	0	0.61	0.58	0.13	0	0.33	0.8	0	0											
C		0.22	0.291	0.21	0.54	0	0.11	0.15	0	0.8	0											
G		0.8	0	0.133	0.101	0.54	0.8	0.8	0.92	0.249	0.256											
T		0.35	0.3	0.1	0.12	0	0.147	0.35	0.26	0.19	0.18											
																						
>MA0277.1	AZF1																					
A		0.63	0.1	0.1	0.88	0.75	0	0.78	0.81	0.63												
C		0.13	0	0	0.13	0	0	0.16	0.6	0.13												
G		0.13	0	0	0	0.25	0.1	0.3	0.6	0.13												
T		0.13	0	0	0	0	0	0.3	0.6	0.13												
																						
>MA0278.1	BAS1																					
A		0.64	0.104	0.484	0.78	0.455	0.248	0.98	0.52	0.348	0.12	0.966	0.26	0.9	0.47	0.892	0.487	0.288	0.373	0.178	0.402	0.435
C		0.217	0.552	0.111	0.401	0.51	0.34	0.724	0.918	0.346	0.3	0.5	0.6	0.1	0.93	0.42	0.123	0.14	0.11	0.367	0.14	0.229
G		0.425	0.15	0.114	0.186	0.37	0.67	0.143	0.7	0.28	0.977	0.23	0.962	0.4	0.7	0.16	0.32	0.317	0.81	0.184	0.341	0.241
T		0.292	0.192	0.288	0.333	0.122	0.46	0.33	0.2	0.24	0.6	0.4	0.4	0.975	0.15	0.49	0.68	0.254	0.434	0.268	0.114	0.94
																						
>MA0279.1	CAD1																					
A		0.2056	0.97	0	0.1889	0.602	0	0.1947	0.2154	0	0											
C		0.1	0	0	0.98	0.213	0	0.206	0	0	0.2088											
G		0.98	0	0	0	0.1464	0	0	0	0.1416	0											
T		0	0.2095	0.2154	0.172	0	0.2154	0	0	0.798	0.97											
																						
>MA0280.1	CAT8																					
A		0	0	0	0	0.66	0.32															
C		0.1	0.1	0	0	0.13	0.18															
G		0	0	0.1	0.1	0.21	0.28															
T		0	0	0	0	0	0.22															
																						
>MA0281.1	CBF1																					
A		0.19	0.3	0.1	0	0	0	0	0.72													
C		0.8	0.92	0	0.1	0	0	0	0.17													
G		0.53	0.3	0	0	0.1	0	0.1	0.6													
T		0.19	0.3	0	0	0	0.1	0	0.6													
																						
>MA0282.1	CEP3																					
A		0.4	0	0	0	0	0.91	0.92	0.42													
C		0.56	0	0.1	0	0	0.1	0.3	0.21													
G		0.4	0	0	0.1	0.1	0.1	0.3	0.21													
T		0.36	0.1	0	0	0	0.7	0.3	0.16													
																						
>MA0283.1	CHA4																					
A		0.22	0	0	0	0	0.71	0.22	0.48													
C		0.5	0	0.1	0	0	0	0.1	0.1													
G		0.68	0.1	0	0.1	0.1	0.28	0.76	0.1													
T		0.5	0	0	0	0	0	0.1	0.31													
																						
>MA0284.1	CIN5																					
A		0	0.13	0.1	0.11	0.2	0	0.91	0.1	0.2	0.15											
C		0	0.7	0	0.54	0.16	0	0.9	0	0.14	0.7											
G		0.9	0.23	0	0.5	0.57	0	0	0	0.38	0.8											
T		0.91	0.56	0	0.31	0.7	0.1	0	0	0.47	0.7											
																						
>MA0285.1	CRZ1																					
A		0.2	0.28	0.37	0.63	0	0	0	0.42	0.7												
C		0.48	0.22	0.3	0.36	0	0.1	0.99	0.3	0.76												
G		0.18	0.17	0.22	0.1	0.1	0	0	0.7	0.8												
T		0.14	0.32	0.11	0.1	0	0	0	0.21	0.8												
																						
>MA0286.1	CST6																					
A		0.47	0.1	0.1	0.1	0	0.5	0	0.45	0.46												
C		0.11	0.1	0.1	0	0.1	0	0	0.28	0.14												
G		0.32	0.1	0.91	0	0	0.95	0	0.8	0.2												
T		0.11	0.96	0.7	0	0	0	0.1	0.18	0.2												
																						
>MA0287.1	CUP2																					
A		0	0.9	0	0.2	0.6	0.4	0.9	0.9	0.7	0.4	0.2										
C		0.7	0	0	0.7	0	0.1	0	0	0	0	0										
G		0	0	0.9	0	0.3	0.4	0	0	0.2	0	0.7										
T		0.2	0	0	0	0	0	0	0	0	0.5	0										
																						
>MA0288.1	CUP9																					
A		0.7	0	0.84	0.1	0.91	0	0.75	0.4	0.39												
C		0.1	0	0	0.99	0	0.64	0.15	0	0.13												
G		0.3	0.1	0.9	0	0.9	0.9	0	0	0.3												
T		0.79	0	0.7	0	0	0.27	0.1	0.6	0.45												
																						
>MA0289.1	DAL80																					
A		0.11	0	0.1	0	0.1	0.9	0.3														
C		0.67	0	0	0	0	0.1	0.19														
G		0.6	0.1	0	0	0	0.1	0.75														
T		0.17	0	0	0.1	0	0.7	0.3														
																						
>MA0290.1	DAL81																					
A		0.203	0.203	0.203	0.203	0	0	0	0	0	0	0	0	0	0	0	0	0.203	0	0		
C		0	0	0	0	0	0.203	0.203	0	0.203	0	0	0	0.203	0	0	0	0	0	0		
G		0	0	0	0	0.203	0	0	0.203	0	0.203	0.203	0.203	0	0.203	0.203	0.203	0	0	0		
T		0	0	0	0	0	0	0	0	0	0	0	0	0	0	0	0	0	0.203	0.203		
																						
>MA0291.1	DAL82																					
A		0.56	0.53	0.39	0.26	0	0	0	0	0.11												
C		0.14	0.11	0.3	0.11	0.26	0	0.1	0	0.68												
G		0.14	0.5	0.3	0.42	0	0.1	0	0.1	0.11												
T		0.14	0.32	0.55	0.21	0.74	0	0	0	0.11												
																						
>MA0292.1	ECM22																					
A		0.28	0.14	0	0	0	0	0.93														
C		0.36	0.7	0.1	0.1	0.14	0	0														
G		0.7	0.7	0	0	0.86	0.86	0.7														
T		0.28	0.71	0	0	0	0.14	0														
																						
>MA0293.1	ECM23																					
A		0.31	0.33	0.72	0.1	0.1	0.3	0.1	0.14	0.3	0.32	0.3										
C		0.25	0.25	0.11	0.2	0	0	0.9	0.19	0.23	0.25	0.26										
G		0.23	0.22	0.1	0.86	0	0	0.3	0.14	0.21	0.25	0.22										
T		0.21	0.2	0.7	0.2	0	0.97	0.7	0.53	0.26	0.19	0.21										
																						
>MA0294.1	EDS1																					
A		0.14	0	0	0.1	0.76	0.48	0.1	0.82	0.15												
C		0.52	0	0	0	0	0.24	0	0.1	0.2												
G		0.14	0.1	0.1	0	0	0.1	0	0.1	0.11												
T		0.19	0	0	0	0.24	0.19	0	0.15	0.54												
																						
>MA0295.1	FHL1																					
A		0	0.1	0	0	0	0.9	0.48	0.55													
C		0.1	0	0.1	0	0.1	0	0.28	0.15													
G		0.9	0	0	0.1	0	0	0.18	0.15													
T		0	0	0	0	0	0.1	0.8	0.15													
																						
>MA0296.1	FKH1																					
A		0.177	0.247	0.52	0.526	0.365	0.119	0.146	0.7	0.959	0.977	0.99	0.1	0.99	0.874	0.671	0.248	0.374	0.284	0.205	0.421	
C		0.287	0.192	0.84	0.76	0.73	0.146	0.4	0.3	0.37	0.11	0.1	0.925	0.1	0.39	0.49	0.191	0.158	0.184	0.116	0.192	
G		0.207	0.334	0.98	0.129	0.15	0.133	0.847	0	0	0.1	0.2	0.1	0.3	0.16	0.7	0.407	0.296	0.33	0.452	0.248	
T		0.326	0.225	0.297	0.267	0.411	0.6	0.1	0.987	0.1	0.9	0.5	0.71	0.4	0.69	0.208	0.152	0.17	0.2	0.225	0.137	
																						
>MA0297.1	FKH2																					
A		0.13	0	0.1	0.1	0.1	0	0.1														
C		0	0	0	0	0	0.1	0														
G		0.88	0	0	0	0	0	0														
T		0	0.1	0	0	0	0	0														
																						
>MA0298.1	FZF1																					
A		0	0	0.1	0	0	0.1															
C		0.1	0	0	0	0.1	0															
G		0	0	0	0	0	0															
T		0	0.1	0	0.1	0	0															
																						
>MA0299.1	GAL4																					
A		0	0	0	0.778	0.292	0.1019	0.2339	0.567	0.1913	0.659	0.96	0.117	0	0.235	0						
C		0.2779	0	0.438	0.655	0.1137	0.81	0	0.1296	0.335	0.592	0.767	0.517	0.1437	0.392	0.2779						
G		0	0.2779	0.2273	0.927	0.1151	0.1002	0.538	0.81	0	0.1744	0.494	0.1105	0.729	0.419	0						
T		0	0	0.97	0.717	0.498	0.39	0.98	0.194	0.737	0.204	0.1786	0.404	0.824	0.2001	0						
																						
>MA0300.1	GAT1																					
A		0.13	0.17	0	0.1	0	0.1	0.1	0.3													
C		0.44	0.42	0	0	0	0	0	0.9													
G		0.19	0.5	0.1	0	0	0	0	0.84													
T		0.25	0.36	0	0	0.1	0	0	0.3													
																						
>MA0301.1	GAT3																					
A		0.65	0.8	0.92	0.12	0.3	0.6	0.51	0.28	0.32												
C		0.9	0.2	0	0	0.94	0.27	0.19	0.33	0.25												
G		0.2	0.88	0	0.1	0.1	0.4	0.18	0.21	0.21												
T		0.6	0.1	0.8	0.87	0.2	0.63	0.12	0.17	0.21												
																						
>MA0302.1	GAT4																					
A		0.36	0.31	0.8	0.3	0.98	0	0	0.5	0.4	0.28	0.33										
C		0.21	0.26	0.4	0	0	0	0.99	0.28	0.2	0.26	0.24										
G		0.24	0.18	0.12	0.96	0	0	0	0.3	0.23	0.23	0.21										
T		0.2	0.26	0.4	0	0.2	0.99	0	0.64	0.17	0.22	0.21										
																						
>MA0303.1	GCN4																					
A		0.218	0.371	0.362	0.282	0.275	0.169	0.535	0.11	0.2	0.968	0.2	0.13	0.57	0.973	0.15	0.376	0.207	0.284	0.226	0.254	0.337
C		0.295	0.217	0.213	0.119	0.177	0.14	0.35	0.8	0.5	0.13	0.433	0.4	0.934	0.6	0.413	0.29	0.354	0.216	0.234	0.329	0.169
G		0.245	0.268	0.15	0.325	0.316	0.365	0.413	0.6	0.934	0.4	0.562	0.13	0.5	0.8	0.35	0.131	0.194	0.202	0.177	0.232	0.195
T		0.24	0.142	0.273	0.272	0.23	0.325	0.15	0.973	0.57	0.13	0.1	0.968	0.2	0.11	0.535	0.202	0.244	0.296	0.361	0.183	0.297
																						
>MA0304.1	GCR1																					
A		0.719	0	0	0.246	0.2157	0.9	0.553	0													
C		0.31	0.142	0.22	0	0.1	0.13	0.1703	0.1932													
G		0.77	0.2318	0.2438	0	0	0.2326	0	0.15													
T		0.1822	0	0	0	0.294	0.121	0.24	0.651													
																						
>MA0305.1	GCR2																					
A		0.33	0	0.11	0	0	0	0.61														
C		0.33	0.279	0	0	0.26	0.269	0.52														
G		0.149	0	0.1	0	0	0.1	0.6														
T		0.16	0	0.152	0.169	0.8	0	0.64														
																						
>MA0306.1	GIS1																					
A		0.41	0	0	0	0	0	0.49	0.46	0.32												
C		0.22	0.97	0.1	0.1	0.87	0	0.4	0.11	0.19												
G		0.12	0	0	0	0	0	0.15	0.16	0.18												
T		0.25	0.3	0	0	0.13	0.1	0.32	0.27	0.3												
																						
>MA0307.1	GLN3																					
A		0	0.1	0	0.74	0.61																
C		0	0	0	0	0																
G		0.1	0	0	0	0.27																
T		0	0	0.1	0.26	0.12																
																						
>MA0308.1	GSM1																					
A		0.322	0.16	0.219	0.461	0.349	0.342	0.566	0.849	0.4	0.3	0.4	0.3	0	0	0.136	0.708	0.289	0.164	0.373	0.225	0.322
C		0.207	0.172	0.289	0.124	0.201	0.144	0.22	0.9	0.164	0.916	0.177	0.985	0.972	0.3	0.4	0.6	0.183	0.172	0.101	0.168	0.212
G		0.19	0.229	0.168	0.184	0.233	0.281	0.17	0.2	0.182	0.1	0.38	0.1	0.25	0.967	0.849	0.197	0.438	0.205	0.232	0.299	0.195
T		0.279	0.438	0.322	0.229	0.216	0.231	0.393	0.12	0.252	0.69	0.778	0.9	0	0.1	0.9	0.32	0.87	0.458	0.292	0.306	0.268
																						
>MA0309.1	GZF3																					
A		0.18	0	0.1	0	0.1	0.73	0.4	0.39													
C		0.39	0	0	0	0	0.9	0.38	0.18													
G		0.2	0.1	0	0	0	0	0.59	0.27													
T		0.41	0	0	0.1	0	0.18	0	0.16													
																						
>MA0310.1	HAC1																					
A		0.24	0.68	0	0.1	0	0	0	0.27													
C		0.6	0.32	0.1	0	0.1	0	0	0.18													
G		0.56	0	0	0	0	0.1	0	0.41													
T		0.15	0	0	0	0	0	0.1	0.14													
																						
>MA0311.1	HAL9																					
A		0	0	0	0.99	0.62																
C		0.99	0	0	0	0																
G		0	0.99	0.99	0	0.37																
T		0	0	0	0	0																
																						
>MA0312.1	HAP1																					
A		0	0	0	0.89	0.5	0.51	0.4	0.57													
C		0.1	0	0	0	0.26	0.4	0.4	0.11													
G		0	0.1	0.1	0.11	0.53	0.4	0.4	0.11													
T		0	0	0	0	0.16	0.41	0.88	0.21													
																						
>MA0313.1	HAP2																					
A		0	0	0.22	0	0.675																
C		0	0	0	0	0.1619																
G		0	0.4	0.3922	0.3932	0.131																
T		0.3939	0.3897	0	0.7	0.1847																
																						
>MA0314.1	HAP3																					
A		0	0.37	0	0.98	0.2737	0	0	0	0	0	0.97	0.809	0.1458	0.1087	0.1582						
C		0.516	0.2074	0.461	0.897	0	0	0	0	0	0.148	0.1169	0.1175	0.265	0.266	0.602						
G		0.537	0.298	0	0.1473	0	0	0	0.2737	0.2737	0	0.405	0.1038	0.918	0.1351	0.296						
T		0.1779	0.326	0.2379	0.484	0	0.2737	0.2737	0	0	0.1549	0.1258	0.98	0.339	0.339	0.665						
																						
>MA0316.1	HAP5																					
A		0.641	0.2	0.113	0.826	0.1817	0.127	0.98	0	0.537	0.4156	0	0	0.387	0.361	0						
C		0.935	0.1914	0.1513	0.1137	0.1451	0.637	0.3199	0.7	0.1308	0	0	0	0	0.497	0.173						
G		0.1033	0.2108	0.2485	0.2155	0.44	0.1273	0.677	0	0.1904	0	0	0.234	0.3788	0.3123	0						
T		0.1789	0.97	0.433	0.453	0.1002	0.2389	0.624	0.3713	0.793	0	0.4156	0.3922	0	0.262	0.2808						
																						
>MA0317.1	HCM1																					
A		0.51	0.27	0.67	0.95	0.1	0.1	0.95	0.57													
C		0.16	0.8	0.32	0.5	0	0.86	0.2	0.17													
G		0.25	0.4	0.1	0	0	0	0.2	0.11													
T		0.8	0.61	0.1	0	0	0.13	0.2	0.14													
																						
>MA0318.1	HMRA2																					
A		0.6	0.54	0.4	0	0	0.93	0.88	0.4													
C		0.67	0	0	0	0	0	0.2	0.8													
G		0.6	0.46	0	0.1	0	0	0.2	0.8													
T		0.21	0	0.96	0	0.1	0.7	0.9	0.44													
																						
>MA0319.1	HSF1																					
A		0.69	0.2	0.19	0	0.1	0.1	0.6	0.48													
C		0.13	0.2	0	0	0	0	0.56	0.11													
G		0.13	0.2	0.81	0.1	0	0	0.19	0.23													
T		0.6	0.95	0	0	0	0	0.19	0.17													
																						
>MA0320.1	IME1																					
A		0	0	0	0	0	0	0.161	0.16													
C		0.301	0.232	0	0.301	0.189	0	0	0													
G		0	0.61	0.301	0	0.75	0.301	0	0.266													
T		0	0	0	0	0.15	0	0	0													
																						
>MA0321.1	INO2																					
A		0.18	0	0.155	0	0.7	0.8	0	0.141	0.134												
C		0.29	0.275	0.7	0.25	0	0	0.34	0.16	0.2												
G		0.198	0	0	0	0.258	0.11	0.241	0.23	0.5												
T		0.4	0	0.4	0.15	0	0.147	0	0	0.24												
																						
>MA0322.1	INO4																					
A		0.29	0	0.138	0	0.1	0	0.17	0.146	0.142												
C		0.46	0.236	0.14	0	0	0	0	0.7	0.7												
G		0.162	0	0	0	0.256	0	0.241	0.23	0.26												
T		0.5	0.19	0.17	0.168	0	0.167	0	0	0												
																						
>MA0323.1	IXR1																					
A		0.161	0.121	0.68	0.28	0.59	0.59	0.28	0.121	0.121	0	0	0.28	0.6	0	0						
C		0	0	0	0.228	0.187	0	0	0	0	0	0.301	0	0	0	0						
G		0	0	0.112	0	0	0.187	0.169	0.71	0	0.301	0	0.244	0.285	0.112	0.244						
T		0	0.37	0.28	0.6	0	0	0.37	0	0.37	0	0	0	0	0.99	0.28						
																						
>MA0324.1	LEU3																					
A		0	0	0	0.2	0.26	0.47	0	0	0	0											
C		0.1	0.1	0	0	0.34	0.12	0.61	0.1	0	0.32											
G		0	0	0.56	0.35	0	0.16	0.39	0	0.1	0.68											
T		0	0	0.43	0.45	0.41	0.25	0	0	0	0											
																						
>MA0325.1	LYS14																					
A		0.21	0.4	0	0	0.1	0.1	0.6	0.13													
C		0.49	0.82	0	0	0	0	0	0.13													
G		0.21	0.1	0.1	0.1	0	0	0	0.7													
T		0.1	0.4	0	0	0	0	0.94	0.68													
																						
>MA0326.1	MAC1																					
A		0.108	0.89	0	0.115	0	0	0	0.958													
C		0	0	0	0	0.1714	0	0.1714	0													
G		0	0.219	0	0.1599	0	0	0	0.655													
T		0.1632	0.1451	0.1714	0	0	0.1714	0	0.113													
																						
>MA0327.1	HMRA1																					
A		0.101	0	0.203	0	0.203	0.203	0														
C		0	0.203	0	0.203	0	0	0														
G		0.101	0	0	0	0	0	0														
T		0	0	0	0	0	0	0.203														
																						
>MA0328.2	MATALPHA2																					
A		0	0.455	0	0.26	0	0.91	0.639	0.394													
C		0.815	0	0.62	0	0	0	0.72	0.28													
G		0	0.535	0	0.973	0	0.9	0.41	0													
T		0.184	0.1	0.938	0	0.1	0.8	0.247	0.577													
																						
>MA0329.1	MBP1																					
A		0.55	0	0.15	0	0	0.35	0.33														
C		0.1	0.1	0	0.88	0.2	0.17	0.3														
G		0.18	0	0.85	0	0.98	0.9	0.18														
T		0.17	0	0	0.12	0	0.39	0.18														
																						
>MA0330.1	MBP1::SWI6																					
A		0.15153	0.82	0.45	0.31	0.59	0.726	0.365														
C		0	0.21942	0.182	0.19078	0.182	0.1491	0.9107														
G		0.405	0.101	0.21983	0.188	0.21982	0.1506	0.882														
T		0.6881	0.179	0.23	0.3065	0.21	0.1888	0.13437														
																						
>MA0331.1	MCM1																					
A		0.1692	0.97	0.3002	0.6037	0.7789	0.936	0.1175	0.6619	0.612	0.117	0.10592	0.12477									
C		0.11356	0.12733	0.5897	0.222	0.195	0.237	0.386	0.1176	0.32	0.134	0.966	0.399									
G		0.405	0	0.3023	0.3432	0.642	0	0.542	0.5947	0.13102	0.13351	0.319	0.35									
T		0.368	0.971	0.4309	0.3681	0.5363	0.12586	0.9116	0.1957	0	0.16	0.2201	0.475									
																						
>MA0332.1	MET28																					
A		0	0	0	0	0	0															
C		0.203	0	0	0	0	0															
G		0	0	0.203	0	0.203	0.203															
T		0	0.203	0	0.203	0	0															
																						
>MA0333.1	MET31																					
A		0.38	0.2	0.14	0	0	0	0	0	0.1												
C		0.1	0.28	0.14	0	0	0	0	0.1	0												
G		0.38	0.3	0.18	0.1	0	0.1	0.1	0	0.69												
T		0.15	0.2	0.55	0	0.1	0	0	0	0.2												
																						
>MA0334.1	MET32																					
A		0.34	0.11	0	0	0.93	0	0.64														
C		0.46	0.5	0.99	0.1	0.3	0.99	0.15														
G		0.1	0.77	0	0	0	0	0.12														
T		0.1	0.7	0	0	0.3	0.1	0.9														
																						
>MA0335.1	MET4																					
A		0.161	0.106	0	0	0	0	0	0													
C		0	0.47	0.199	0	0	0	0	0													
G		0	0.48	0	0	0.301	0	0.301	0.301													
T		0	0	0.51	0.161	0	0.161	0	0													
																						
>MA0336.1	MGA1																					
A		0.384	0.305	0.24	0.367	0.252	0.116	0.787	0.192	0.701	0.5	0.99	0.99	0.12	0.844	0.68	0.203	0.301	0.291	0.441	0.44	0.342
C		0.91	0.124	0.268	0.171	0.28	0.204	0.3	0.11	0.197	0.2	0.2	0.2	0.815	0.39	0.505	0.18	0.353	0.268	0.7	0.168	0.295
G		0.206	0.376	0.318	0.306	0.194	0.23	0.198	0.166	0.98	0.989	0.3	0.2	0.15	0.82	0.7	0.195	0.84	0.97	0.229	0.105	0.216
T		0.317	0.194	0.172	0.154	0.273	0.448	0.11	0.531	0.2	0.2	0.2	0.5	0.156	0.32	0.355	0.419	0.26	0.342	0.257	0.285	0.144
																						
>MA0337.1	MIG1																					
A		0.32	0.1	0	0	0	0.46	0.5														
C		0.35	0.97	0.1	0.1	0.1	0.3	0.57														
G		0.15	0.1	0	0	0	0.5	0.3														
T		0.18	0.1	0	0	0	0.1	0.7														
																						
>MA0338.1	MIG2																					
A		0.1	0	0	0	0.36	0.5	0.36														
C		0.96	0.1	0.1	0.1	0.11	0.77	0.24														
G		0.2	0	0	0	0.52	0.13	0.24														
T		0.1	0	0	0	0.1	0.6	0.15														
																						
>MA0339.1	MIG3																					
A		0.1	0	0	0	0.41	0.5	0.41														
C		0.98	0.94	0.1	0.1	0.2	0.69	0.22														
G		0.1	0	0	0	0.55	0.17	0.23														
T		0.1	0.6	0	0	0.1	0.9	0.14														
																						
>MA0340.1	MOT3																					
A		0.67	0.203	0	0	0	0.203															
C		0.67	0	0	0	0.101	0															
G		0	0	0.203	0.203	0	0															
T		0.67	0	0	0	0.101	0															
																						
>MA0341.1	MSN2																					
A		0.6	0	0	0	0																
C		0.7	0	0	0	0																
G		0.32	0.1	0.1	0.1	0.1																
T		0	0	0	0	0																
																						
>MA0342.1	MSN4																					
A		0.83	0	0	0	0																
C		0	0	0	0	0																
G		0.16	0.99	0.99	0.99	0.99																
T		0	0	0	0	0.1																
																						
>MA0343.1	NDT80																					
A		0.289	0.197	0.169	0.215	0.201	0.99	0.188	0.444	0.12	0.94	0.18	0.965	0.97	0.945	0.713	0.496	0.123	0.127	0.314	0.36	0.477
C		0.282	0.276	0.213	0.403	0.43	0.114	0.2	0.483	0.948	0.7	0.967	0.4	0.5	0.3	0.24	0.178	0.63	0.329	0.33	0.177	0.192
G		0.118	0.16	0.172	0.14	0.176	0.495	0.675	0.41	0.4	0.45	0.6	0.9	0.15	0.14	0.236	0.82	0.95	0.44	0.277	0.23	0.174
T		0.309	0.364	0.443	0.239	0.191	0.29	0.116	0.3	0.34	0.6	0.6	0.2	0.8	0.37	0.24	0.241	0.149	0.102	0.78	0.231	0.154
																						
>MA0344.1	NHP10																					
A		0.2	0.8	0	0	0	0	0	0.68													
C		0.1	0.78	0.1	0	0	0	0	0.8													
G		0.6	0.8	0	0.1	0.1	0.1	0.1	0.18													
T		0.1	0.8	0	0	0	0	0	0.8													
																						
>MA0345.1	NHP6A																					
A		0.306	0.242	0.236	0.38	0.285	0.104	0.339	0.491	0.114	0.903	0.126	0.847	0.57	0.746	0.65	0.377	0.375	0.416	0.286	0.313	0.329
C		0.279	0.217	0.153	0.212	0.333	0.516	0.13	0.25	0.24	0.1	0.29	0.16	0.42	0.16	0.3	0.136	0.138	0.111	0.154	0.147	0.289
G		0.214	0.83	0.311	0.151	0.99	0.49	0.71	0.64	0.6	0.26	0.8	0.43	0.28	0.2	0.153	0.137	0.138	0.172	0.124	0.314	0.96
T		0.2	0.456	0.298	0.255	0.281	0.329	0.458	0.193	0.855	0.58	0.835	0.92	0.871	0.216	0.166	0.348	0.346	0.299	0.434	0.224	0.284
																						
>MA0346.1	NHP6B																					
A		0.182	0.217	0.135	0.376	0.195	0.154	0.393	0.578	0.169	0.807	0.92	0.749	0.279	0.51	0.461	0.372	0.465	0.202	0.287	0.287	
C		0.304	0.225	0.108	0.208	0.316	0.317	0.69	0.89	0.65	0.32	0.67	0.16	0.51	0.26	0.96	0.106	0.84	0.16	0.12	0.257	
G		0.99	0.216	0.107	0.77	0.111	0.143	0.26	0.51	0.16	0.67	0.32	0.65	0.89	0.69	0.121	0.111	0.336	0.302	0.339	0.252	
T		0.414	0.341	0.647	0.336	0.376	0.384	0.51	0.279	0.749	0.92	0.807	0.169	0.578	0.393	0.32	0.409	0.113	0.334	0.252	0.202	
																						
>MA0347.1	NRG1																					
A		0.181	0.243	0.293	0.259	0.419	0.213	0.455	0.96	0.2	0.2	0.11	0.71	0.4	0.3	0.503	0.245	0.124	0.224	0.206	0.325	
C		0.404	0.225	0.25	0.239	0.112	0.255	0.488	0.3	0.1	0.1	0	0.11	0.928	0.82	0.87	0.202	0.303	0.67	0.4	0.171	
G		0.143	0.199	0.278	0.262	0.269	0.92	0.9	0.36	0.991	0.993	0.986	0.2	0.2	0.3	0.39	0.239	0.269	0.548	0.228	0.233	
T		0.271	0.332	0.177	0.238	0.198	0.439	0.46	0	0.4	0.2	0.1	0.915	0.63	0.173	0.369	0.311	0.302	0.159	0.163	0.269	
																						
>MA0348.1	OAF1																					
A		0.11	0	0	0	0.56	0.7	0.68	0.14	0.56												
C		0.32	0.1	0	0	0	0	0.4	0.7	0.14												
G		0.11	0	0.1	0.1	0.43	0.86	0.4	0.7	0.14												
T		0.46	0	0	0	0	0.7	0.25	0.71	0.14												
																						
>MA0349.1	OPI1																					
A		0.34	0	0.166	0.169	0	0	0.59														
C		0.109	0	0.2	0	0.268	0.273	0.58														
G		0.42	0.279	0	0	0	0	0.88														
T		0.34	0	0	0	0	0	0.12														
																						
>MA0350.1	TOD6																					
A		0.362	0.144	0.101	0.239	0.369	0.212	0.649	0.67	0.2	0.2	0.2	0.975	0.1	0	0.52	0.135	0.181	0.232	0.187	0.306	0.201
C		0.188	0.213	0.261	0.327	0.116	0.366	0.5	0.396	0.784	0.29	0.991	0	0.1	0.978	0.19	0.655	0.3	0.282	0.28	0.213	0.15
G		0.218	0.369	0.37	0.206	0.235	0.133	0.96	0.436	0.193	0.46	0.2	0.1	0.18	0.1	0.869	0.186	0.383	0.109	0.111	0.172	0.32
T		0.23	0.273	0.266	0.226	0.278	0.288	0.203	0.98	0.1	0.921	0.3	0.21	0.978	0.18	0.57	0.22	0.135	0.376	0.421	0.308	0.327
																						
>MA0351.1	DOT6																					
A		0.278	0.194	0.156	0.131	0.239	0.141	0.516	0.79	0.29	0.6	0.1	0.972	0.1	0	0.36	0.223	0.28	0.188	0.163	0.153	0.185
C		0.135	0.25	0.332	0.249	0.85	0.48	0.59	0.42	0.77	0.52	0.99	0	0	0.968	0.9	0.575	0.265	0.298	0.435	0.371	0.149
G		0.231	0.266	0.223	0.268	0.4	0.145	0.138	0.392	0.197	0.83	0.4	0.1	0.27	0.1	0.876	0.177	0.252	0.72	0.208	0.183	0.202
T		0.354	0.289	0.287	0.351	0.273	0.232	0.285	0.107	0.3	0.858	0.2	0.25	0.969	0.28	0.78	0.22	0.202	0.441	0.192	0.29	0.462
																						
>MA0352.1	PDR1																					
A		0.8	0	0	0.13	0.2	0.8	0.1	0.62													
C		0.28	0.1	0.1	0	0.88	0.2	0.3	0.8													
G		0.15	0	0	0.87	0.8	0.88	0.83	0.22													
T		0.48	0	0	0	0.2	0.2	0.3	0.8													
																						
>MA0353.1	PDR3																					
A		0	0	0	0	0	0	0	0.203													
C		0	0.203	0.203	0	0.203	0	0	0													
G		0	0	0	0.203	0	0.203	0.203	0													
T		0.203	0	0	0	0	0	0	0													
																						
>MA0354.1	PDR8																					
A		0.38	0	0	0	0.1	0.8	0.1	0.13													
C		0.15	0.1	0	0	0	0.8	0	0.6													
G		0.38	0	0.1	0.1	0	0.85	0	0.6													
T		0.8	0	0	0	0	0	0	0.75													
																						
>MA0355.1	PHD1																					
A		0.36	0.9	0.37	0	0	0	0.91	0.8	0.22	0.32											
C		0.27	0.43	0.44	0.1	0	0.99	0.1	0.22	0.42	0.28											
G		0.19	0.39	0.15	0	0.99	0	0.7	0.36	0.22	0.21											
T		0.18	0.8	0.3	0.89	0	0.1	0.1	0.34	0.14	0.19											
																						
>MA0356.1	PHO2																					
A		0.52	0.12	0.1	0.56	0.23	0.63															
C		0	0	0	0	0	0															
G		0.8	0	0	0	0	0															
T		0.41	0.88	0	0.44	0.77	0.37															
																						
>MA0357.1	PHO4																					
A		0.94	0.97	0.967	0	0.85	0.2	0.1	0.4													
C		0.393	0.9	0.1	0.911	0.1	0.28	0	0.507													
G		0.507	0	0.28	0.1	0.911	0.1	0.9	0.393													
T		0.4	0.1	0.2	0.85	0	0.967	0.97	0.94													
																						
>MA0358.1	PUT3																					
A		0.9	0.2	0	0	0	0	0.52	0.46													
C		0.72	0.9	0.1	0	0	0	0.15	0.13													
G		0.9	0.2	0	0.1	0.1	0.1	0.19	0.17													
T		0.9	0.6	0	0	0	0	0.15	0.25													
																						
>MA0359.1	RAP1																					
A		0.18	0.98	0.1	0.1	0.1	0.71	0.17	0.72	0.1	0.86											
C		0.69	0	0.75	0.97	0.9	0	0.11	0	0.98	0.13											
G		0.12	0	0	0.1	0	0.27	0.8	0.14	0	0											
T		0.1	0.1	0.23	0.1	0.9	0.2	0.65	0.14	0.1	0.1											
																						
>MA0360.1	RDR1																					
A		0.25	0	0	0	0	0.1	0.86	0.27													
C		0.11	0	0.1	0	0	0	0	0.48													
G		0.11	0.1	0	0.1	0.1	0	0	0.13													
T		0.54	0	0	0	0	0	0.14	0.13													
																						
>MA0361.1	RDS1																					
A		0.1	0	0	0	0	0	0.32														
C		0.91	0.11	0	0.84	0.95	0.11	0.32														
G		0.1	0.89	0.1	0.16	0.5	0.89	0.32														
T		0.7	0	0	0	0	0	0.5														
																						
>MA0362.1	RDS2																					
A		0.34	0	0	0	0	0.12	0.17														
C		0.39	0	0.1	0	0	0.1	0.7														
G		0.18	0	0	0.1	0.1	0.86	0.7														
T		0.8	0.1	0	0	0	0.1	0.7														
																						
>MA0363.1	REB1																					
A		0.3	0	0	0.1	0	0	0	0	0.15												
C		0.1	0	0	0	0.1	0.1	0.1	0	0.15												
G		0.5	0	0	0	0	0	0	0.6	0.55												
T		0.1	0.1	0.1	0	0	0	0	0.4	0.15												
																						
>MA0364.1	REI1																					
A		0	0.5	0	0	0	0	0.56														
C		0.95	0.95	0.1	0.1	0	0	0.8														
G		0	0	0	0	0	0.95	0.23														
T		0.5	0	0	0	0.1	0.5	0.13														
																						
>MA0365.1	RFX1																					
A		0.12	0	0	0	0.31	0	0.2	0.88													
C		0.27	0	0	0	0	0.1	0.48	0.4													
G		0.42	0.1	0	0	0.69	0	0.2	0.4													
T		0.19	0	0.1	0.1	0	0	0.48	0.4													
																						
>MA0366.1	RGM1																					
A		0.1	0	0	0	0.11																
C		0	0	0	0	0.12																
G		0	0.1	0.1	0.1	0.77																
T		0	0	0	0	0																
																						
>MA0367.1	RGT1																					
A		0.42	0.34	0.37	0.22	0.27	0.3	0	0	0	0.4	0.32										
C		0.13	0.1	0	0.2	0.15	0.18	0.12	0.1	0.1	0	0.13										
G		0.23	0.34	0	0	0.17	0.4	0	0	0	0.89	0.33										
T		0.22	0.22	0.63	0.77	0.41	0.48	0.88	0	0	0.8	0.22										
																						
>MA0368.1	RIM101																					
A		0.9	0	0	0	0.1	0.1	0														
C		0.43	0	0.1	0.1	0	0	0														
G		0.9	0.1	0	0	0	0	0.1														
T		0.39	0	0	0	0	0	0														
																						
>MA0369.1	RLM1																					
A		0.1	0.14	0.11	0	0	0	0.42	0.16	0.22	0.23	0.32	0	0.42	0	0.27	0.4	0.7	0.1			
C		0.1	0.2	0	0	0.42	0	0	0	0	0	0	0	0	0	0.14	0.15	0.16	0.13			
G		0.1	0.16	0.1	0.5	0	0	0	0	0	0	0	0	0	0.42	0	0.2	0.3	0.1			
T		0.8	0.1	0.3	0.37	0	0.42	0	0.26	0.2	0.19	0.1	0.42	0	0	0.1	0.2	0.16	0.7			
																						
>MA0370.1	RME1																					
A		0	0.16	0.16	0.16	0.119	0.139	0.27	0.34	0.92	0.126											
C		0.52	0.96	0.1	0	0	0.29	0	0	0.39	0											
G		0	0.33	0.49	0	0.27	0	0.244	0.229	0.35	0.19											
T		0.131	0.69	0.58	0	0.22	0.2	0	0	0.22	0.18											
																						
>MA0371.1	ROX1																					
A		0	0	0.2	0.7	0	0	0	0	0	0	0.1	0									
C		0.4	0.6	0.4	0.1	0	0	0	0	0	0.5	0	0.5									
G		0	0	0	0	0	0.1	0.8	0	0	0.1	0.1	0.2									
T		0.4	0.2	0.2	0	0.8	0.7	0	0.8	0.8	0.2	0.6	0.1									
																						
>MA0372.1	RPH1																					
A		0.53	0	0	0	0	0	0.63	0.74													
C		0.14	0.1	0.1	0.1	0.1	0	0.1	0.7													
G		0.14	0	0	0	0	0	0.7	0.7													
T		0.19	0	0	0	0	0.1	0.28	0.13													
																						
>MA0373.1	RPN4																					
A		0.23	0	0	0	0	0	0.13														
C		0	0	0	0	0	0.1	0														
G		0.67	0.1	0.12	0.1	0.1	0	0.87														
T		0.9	0	0.88	0	0	0	0														
																						
>MA0374.1	RSC3																					
A		0	0	0	0	0.6	0.19	0.23														
C		0.91	0	0.99	0	0.55	0.3	0.26														
G		0.5	0.99	0	0.99	0.18	0.37	0.34														
T		0.4	0	0	0	0.2	0.14	0.18														
																						
>MA0375.1	RSC30																					
A		0.19	0.15	0	0	0	0	0	0													
C		0.5	0.38	0.92	0.8	0.92	0	0.85	0.31													
G		0.19	0.46	0.8	0.92	0.8	0.1	0.15	0.69													
T		0.12	0	0	0	0	0	0	0													
																						
>MA0376.1	RTG3																					
A		0.393	0.22	0.357	0.164	0.156	0.534	0.34	0.19	0.905	0.5	0.28	0.7	0.7	0.275	0.152	0.111	0.398	0.275	0.323	0.249	
C		0.145	0.147	0.322	0.176	0.121	0.113	0.27	0.953	0.5	0.949	0.16	0.81	0.19	0.662	0.332	0.27	0.122	0.257	0.165	0.396	
G		0.33	0.267	0.207	0.295	0.25	0.203	0.662	0.19	0.81	0.16	0.949	0.5	0.953	0.27	0.156	0.187	0.276	0.296	0.33	0.108	
T		0.13	0.364	0.112	0.363	0.472	0.148	0.275	0.7	0.7	0.28	0.5	0.905	0.19	0.34	0.358	0.43	0.202	0.171	0.477	0.245	
																						
>MA0377.1	SFL1																					
A		0.272	0.368	0.281	0.382	0.314	0.368	0.727	0.127	0.506	0.18	0.956	0.959	0.22	0.616	0.596	0.535	0.256	0.492	0.431	0.369	0.409
C		0.183	0.262	0.244	0.256	0.98	0.221	0.3	0.178	0.261	0.1	0.16	0.9	0.47	0.129	0.134	0.221	0.156	0.96	0.67	0.123	0.121
G		0.13	0.124	0.332	0.117	0.349	0.198	0.124	0.108	0.226	0.96	0.5	0.21	0.806	0.218	0.36	0.48	0.146	0.217	0.99	0.146	0.72
T		0.414	0.244	0.141	0.244	0.237	0.212	0.118	0.586	0.6	0.1	0.21	0.9	0.123	0.36	0.232	0.194	0.44	0.193	0.401	0.36	0.395
																						
>MA0378.1	SFP1																					
A		0.427	0.202	0.289	0.25	0.353	0.533	0.782	0.898	0.904	0.855	0.541	0.86	0.35	0.18	0.73	0.126	0.82	0.327	0.115	0.217	0.216
C		0.159	0.293	0.174	0.217	0.77	0.42	0.73	0.36	0.9	0.14	0.34	0.42	0.5	0.46	0.71	0.405	0.354	0.201	0.428	0.83	0.169
G		0.161	0.194	0.192	0.293	0.297	0.342	0.71	0.46	0.5	0.42	0.16	0.14	0.9	0.36	0.73	0.91	0.103	0.165	0.154	0.374	0.405
T		0.25	0.309	0.343	0.238	0.271	0.82	0.73	0.18	0.35	0.86	0.408	0.855	0.904	0.898	0.782	0.376	0.459	0.306	0.301	0.324	0.208
																						
>MA0379.1	MOT2																					
A		0.93	0	0.99	0	0.99																
C		0.2	0	0	0	0																
G		0	0	0	0	0																
T		0.5	0.99	0	0.99	0																
																						
>MA0380.1	SIP4																					
A		0.8	0	0	0	0	0.23	0.57														
C		0.48	0.27	0.99	0.1	0	0	0.16														
G		0.13	0	0	0	0.1	0.63	0.25														
T		0.32	0.73	0.1	0	0	0.14	0														
																						
>MA0381.1	SKN7																					
A		0	0	0	0	0.49	0.21															
C		0	0	0.1	0.84	0.15	0.18															
G		0.1	0.1	0	0.16	0.37	0.28															
T		0	0	0	0	0	0.32															
																						
>MA0382.1	SKO1																					
A		0.957	0	0.1	0	0.957	0.592	0	0													
C		0	0.957	0	0	0	0	0	0													
G		0	0	0.897	0	0	0	0	0.957													
T		0	0	0	0.957	0	0.364	0.957	0													
																						
>MA0383.1	SMP1																					
A		0.111	0.189	0.569	0.85	0.179	0.13	0.408	0.97	0.75	0.865	0.97	0.77	0.634	0.495	0.637	0.197	0.174	0.525	0.156	0.249	0.336
C		0.244	0.188	0.97	0.554	0.623	0.147	0.128	0.234	0.125	0.18	0.18	0.46	0.33	0.41	0.85	0.262	0.275	0.104	0.29	0.381	0.172
G		0.235	0.265	0.137	0.158	0.47	0.85	0.112	0.33	0.46	0.18	0.18	0.125	0.234	0.6	0.147	0.146	0.271	0.101	0.455	0.201	0.229
T		0.409	0.356	0.196	0.201	0.149	0.637	0.35	0.634	0.77	0.97	0.865	0.75	0.97	0.402	0.13	0.393	0.279	0.269	0.97	0.168	0.261
																						
>MA0384.1	SNT2																					
A		0	0	0.1405	0	0.312	0.7	0	0	0.8	0.168	0.944										
C		0.89	0	0.269	0	0	0	0.3136	0	0.3072	0.2969	0.231										
G		0.313	0.3136	0.1721	0	0.35	0.313	0	0.3136	0.75	0	0.1666										
T		0.2817	0	0	0.3136	0	0	0	0	0	0	0.589										
																						
>MA0385.1	SOK2																					
A		0.5	0.15	0.41	0.4	0.4	0.4	0.97	0.5	0.17	0.28	0.3										
C		0.19	0.49	0.47	0.1	0.1	0.91	0.1	0.5	0.21	0.32	0.23										
G		0.16	0.18	0.9	0.4	0.94	0.1	0.1	0.5	0.52	0.22	0.23										
T		0.16	0.18	0.3	0.91	0.1	0.4	0.1	0.4	0.1	0.18	0.23										
																						
>MA0386.1	SPT15																					
A		0.277	0.337	0.253	0.16	0.545	0.115	0.287	0.332	0.907	0.12	0.981	0.38	0.97	0.44	0.883	0.186	0.264	0.137	0.266	0.35	0.248
C		0.25	0.191	0.345	0.2	0.139	0.98	0.198	0.11	0.7	0.7	0.2	0.1	0.2	0.4	0.1	0.62	0.122	0.38	0.228	0.176	0.193
G		0.386	0.147	0.88	0.154	0.154	0.701	0.266	0.27	0.25	0.23	0.4	0.5	0.6	0.3	0.24	0.94	0.129	0.369	0.384	0.172	0.27
T		0.84	0.323	0.313	0.484	0.16	0.84	0.247	0.529	0.59	0.955	0.12	0.954	0.2	0.947	0.81	0.657	0.483	0.112	0.121	0.301	0.286
																						
>MA0387.1	SPT2																					
A		0.97	0.66	0	0.4	0.13	0.12	0.83	0	0.161	0.122											
C		0	0.44	0	0	0	0.23	0.66	0	0	0											
G		0.3	0.12	0	0	0.54	0.46	0.6	0.105	0	0.69											
T		0.57	0.58	0.161	0.152	0	0	0.2	0.102	0	0											
																						
>MA0388.1	SPT23																					
A		0.95	0.16	0.143	0.134	0.1	0	0.108	0.157													
C		0	0	0	0	0.36	0.138	0.37	0													
G		0.119	0	0.22	0	0	0.67	0.18	0.6													
T		0	0	0.2	0.23	0.135	0.46	0.16	0													
																						
>MA0389.1	SRD1																					
A		0.66	0.6	0.97	0.13	0	0.4	0.46	0.24													
C		0.9	0.2	0	0	0.99	0.19	0.3	0.42													
G		0.19	0.9	0	0.2	0	0.3	0.13	0.18													
T		0.6	0.2	0.3	0.85	0	0.74	0.11	0.16													
																						
>MA0390.1	STB3																					
A		0.98	0.166	0.182	0.194	0.507	0.547	0.776	0.499	0.99	0.53	0.1	0.13	0	0.3	0.965	0.15	0.129	0.166	0.308	0.233	0.226
C		0.168	0.173	0.415	0.379	0.59	0.12	0.35	0.27	0.11	0.5	0.4	0	0.64	0.99	0.7	0.587	0.12	0.326	0.253	0.17	0.182
G		0.546	0.202	0.57	0.107	0.189	0.151	0.71	0.33	0.2	0.1	0.2	0.15	0.2	0.2	0.25	0.84	0.137	0.2	0.125	0.315	0.296
T		0.185	0.457	0.343	0.318	0.243	0.181	0.116	0.44	0.886	0.939	0.982	0.97	0.915	0.4	0.2	0.177	0.613	0.306	0.312	0.28	0.293
																						
>MA0391.1	STB4																					
A		0.9	0	0	0	0	0.1	0.75														
C		0.43	0	0.1	0	0	0	0.1														
G		0.9	0	0	0.1	0.1	0	0.1														
T		0.39	0.1	0	0	0	0	0.23														
																						
>MA0392.1	STB5																					
A		0	0	0	0.23	0.23	0.19	0.6	0.96													
C		0.99	0	0	0.19	0.23	0.25	0.12	0.1													
G		0	0.99	0.99	0.26	0.47	0.12	0.6	0.1													
T		0	0	0	0.32	0.8	0.45	0.76	0.1													
																						
>MA0393.1	STE12																					
A		0	0.4297	0.27122	0.2529	0.27887	0.98	0.15301														
C		0.3261	0	0	0.167	0	0.27779	0.3002														
G		0.96	0.24137	0.1278	0.2703	0	0	0.9387														
T		0.25022	0.198	0	0	0	0.97	0.2275														
																						
>MA0394.1	STP1																					
A		0.4	0.49	0	0	0.12	0	0.4	0.4													
C		0.82	0	0.279	0	0	0.279	0	0.94													
G		0.33	0.192	0	0.266	0.255	0	0.119	0.7													
T		0.87	0	0	0.4	0	0	0.87	0.57													
																						
>MA0395.1	STP2																					
A		0.18	0.288	0.438	0.276	0.126	0.238	0.113	0.34	0.2	0	0.1	0.8	0.14	0.618	0.86	0.218	0.326	0.231	0.158	0.342	
C		0.258	0.242	0.193	0.209	0.405	0.111	0.11	0.647	0.5	0.849	0.866	0.13	0.52	0.12	0.433	0.312	0.24	0.427	0.237	0.265	
G		0.175	0.293	0.211	0.176	0.143	0.567	0.829	0.5	0.987	0.148	0.128	0.948	0.4	0.338	0.139	0.359	0.205	0.161	0.344	0.122	
T		0.385	0.174	0.157	0.336	0.325	0.81	0.45	0.312	0.4	0.1	0.3	0.29	0.46	0.3	0.341	0.109	0.227	0.179	0.259	0.268	
																						
>MA0396.1	STP3																					
A		0.25	0.18	0	0.1	0	0	0	0	0.45												
C		0.9	0.42	0	0	0	0.1	0	0.64	0.17												
G		0.48	0.21	0	0	0.1	0	0.1	0.18	0.19												
T		0.18	0.19	0.1	0	0	0	0	0.18	0.2												
																						
>MA0397.1	STP4																					
A		0.19	0.4	0	0.1	0	0	0	0	0.54												
C		0.11	0.28	0	0	0	0.1	0	0.73	0.15												
G		0.56	0.24	0	0	0.1	0	0.1	0.17	0.16												
T		0.15	0.7	0.1	0	0	0	0	0.1	0.15												
																						
>MA0398.1	SUM1																					
A		0.5	0.52	0.62	0.1	0	0.8	0.24	0.28	0.15												
C		0.14	0.8	0.2	0	0	0	0	0.5	0.15												
G		0.14	0.8	0.2	0	0	0	0	0.5	0.11												
T		0.22	0.32	0.34	0	0.1	0.92	0.76	0.61	0.59												
																						
>MA0399.1	SUT1																					
A		0.23	0.48	0	0.8	0	0.49	0.44														
C		0.142	0.5	0.266	0.61	0.46	0.35	0.14														
G		0.36	0.185	0	0.188	0.226	0.151	0.17														
T		0.29	0	0	0.1	0	0	0.4														
																						
>MA0400.1	SUT2																					
A		0.333	0.225	0.269	0.354	0.248	0.522	0.94	0.971	0	0.1	0.2	0.1	0.2	0.789	0.523	0.375	0.338	0.279	0.163	0.281	
C		0.232	0.206	0.218	0.2	0.216	0.85	0.6	0	0.709	0.16	0.992	0.984	0.1	0.16	0.8	0.252	0.214	0.204	0.253	0.136	
G		0.112	0.264	0.277	0.1	0.153	0.287	0.12	0.11	0.287	0	0.1	0.12	0.993	0.168	0.257	0.154	0.168	0.209	0.252	0.244	
T		0.321	0.303	0.233	0.345	0.381	0.104	0.4	0.16	0.2	0.981	0.2	0.1	0.2	0.24	0.137	0.217	0.279	0.306	0.33	0.338	
																						
>MA0401.1	SWI4																					
A		0.62	0	0.15	0	0	0.1	0.94	0.62													
C		0.8	0.1	0	0.1	0	0	0.2	0.8													
G		0.15	0	0.85	0	0.1	0	0.2	0.8													
T		0.15	0	0	0	0	0	0.2	0.23													
																						
>MA0402.1	SWI5																					
A		0.8	0	0	0	0	0	0.4	0.25													
C		0.8	0	0.1	0	0	0	0.4	0.25													
G		0.23	0.1	0	0	0.1	0.1	0.27	0.1													
T		0.62	0	0	0.1	0	0	0.65	0.4													
																						
>MA0403.1	TBF1																					
A		0.61	0.46	0.15	0	0	0	0.75	0.38													
C		0.11	0.11	0.84	0.1	0.1	0.1	0.8	0.19													
G		0.12	0.35	0.1	0	0	0	0.11	0.27													
T		0.16	0.8	0.1	0	0	0.99	0.5	0.17													
																						
>MA0404.1	TBS1																					
A		0.12	0.3	0.2	0.75	0.2	0	0	0.8													
C		0.78	0.3	0.2	0.8	0.13	0.1	0.1	0.8													
G		0.5	0.9	0.95	0.8	0.13	0	0	0.75													
T		0.5	0.3	0.2	0.8	0.53	0	0	0.8													
																						
>MA0405.1	TEA1																					
A		0.5	0	0	0	0.5	0	0.6	0.15													
C		0.5	0.1	0	0.4	0	0.8	0	0.2													
G		0.75	0	0.1	0.6	0.5	0.2	0.1	0.5													
T		0.15	0	0	0	0	0	0.3	0.6													
																						
>MA0406.1	TEC1																					
A		0.52	0	0.1	0.5	0	0	0	0.1													
C		0.7	0.95	0	0	0	0.91	0.68	0.47													
G		0.34	0.5	0	0	0	0.9	0	0.15													
T		0.7	0	0	0.95	0.1	0	0.32	0.28													
																						
>MA0407.1	THI2																					
A		0.103	0	0.68	0.1265	0.1265	0	0	0.71	0.438	0.921	0.1265	0	0.1265	0.813	0.129						
C		0	0	0.573	0	0	0.1024	0.543	0.599	0	0	0	0	0	0	0.1068						
G		0.1162	0.1265	0	0	0	0	0	0.571	0	0	0	0.1265	0	0.451	0.89						
T		0	0	0.61	0	0	0.241	0.805	0.9	0.826	0.344	0	0	0	0	0						
																						
>MA0408.1	TOS8																					
A		0.28	0.1	0	0	0	0.1	0.64	0.5													
C		0.47	0.16	0	0	0.1	0	0.7	0.15													
G		0.2	0.1	0.1	0	0	0	0.7	0.15													
T		0.5	0.82	0	0.1	0	0	0.22	0.19													
																						
>MA0409.1	TYE7																					
A		0.3	0.1	0	0	0	0	0.78														
C		0.93	0	0.1	0.1	0	0	0.8														
G		0.3	0	0	0.9	0	0.1	0.8														
T		0.3	0	0	0	0.1	0	0.8														
																						
>MA0410.1	UGA3																					
A		0.1	0.4	0	0	0	0	0.2	0.85													
C		0.44	0.28	0	0.1	0	0	0.27	0.2													
G		0.27	0.63	0.1	0	0.1	0.1	0.69	0.2													
T		0.19	0.4	0	0	0	0	0.2	0.1													
																						
>MA0411.1	UPC2																					
A		0.16	0.59	0.38	0.1	0	0.1	0.83														
C		0.25	0.3	0	0	0.1	0	0.5														
G		0.19	0.28	0	0	0	0.99	0.9														
T		0.4	0.9	0.62	0	0	0	0.4														
																						
>MA0412.1	UME6																					
A		0.2	0	0.2	0	0	0	0	0	0.1	0.18	0.1	0.7	0.2								
C		0	0.1	0	0	0.18	0	0	0.17	0	0	0.1	0.2	0								
G		0	0.5	0.16	0.18	0	0.18	0.18	0	0	0	0	0.1	0.1								
T		0.16	0.3	0	0	0	0	0	0.1	0.17	0	0.7	0.8	0.15								
																						
>MA0413.1	USV1																					
A		0.269	0.306	0.342	0.131	0.133	0.318	0.1	0	0.3	0.1	0	0	0.956	0.85	0.174	0.233	0.212	0.181	0.205	0.219	
C		0.223	0.182	0.168	0.193	0.55	0.551	0.967	0.977	0.993	0.981	0.6	0.2	0	0.92	0.257	0.235	0.191	0.185	0.1	0.297	
G		0.25	0.216	0.206	0.146	0.157	0.101	0.26	0	0.1	0	0.3	0.869	0.36	0.21	0.162	0.93	0.197	0.321	0.265	0.365	
T		0.255	0.294	0.283	0.528	0.652	0.28	0.3	0.2	0.1	0.16	0.989	0.126	0.5	0.35	0.405	0.438	0.399	0.311	0.428	0.116	
																						
>MA0414.1	XBP1																					
A		0.12	0	0	0	0.1	0.4	0.31														
C		0.51	0	0.1	0	0	0.8	0.22														
G		0.7	0	0	0.1	0	0.5	0.31														
T		0.31	0.1	0	0	0	0.3	0.15														
																						
>MA0415.1	YAP1																					
A		0.297	0.143	0.148	0.24	0.212	0.397	0.5	0.8	0.976	0.1	0.6	0.1	0.971	0.981	0.35	0.32	0.182	0.247	0.248	0.199	
C		0.261	0.225	0.128	0.121	0.21	0.528	0.3	0.13	0.3	0.9	0.36	0.9	0.6	0.8	0.28	0.332	0.273	0.308	0.254	0.195	
G		0.211	0.313	0.305	0.201	0.327	0.5	0.8	0.6	0.9	0.36	0.9	0.3	0.13	0.3	0.516	0.228	0.154	0.204	0.309	0.177	
T		0.23	0.318	0.418	0.436	0.249	0.23	0.981	0.971	0.1	0.6	0.1	0.976	0.8	0.5	0.418	0.118	0.39	0.239	0.187	0.426	
																						
>MA0416.1	YAP3																					
A		0.65	0	0	0.1	0	0	0.2	0.5													
C		0.19	0	0	0	0.1	0	0.2	0.12													
G		0.12	0	0	0	0	0.1	0.2	0.19													
T		0.4	0.1	0.1	0	0	0	0.94	0.19													
																						
>MA0417.1	YAP5																					
A		0.122	0.124	0.86	0	0.161	0.19															
C		0	0	0	0.264	0	0															
G		0	0.67	0.136	0	0	0															
T		0.34	0	0	0.17	0	0.137															
																						
>MA0418.1	YAP6																					
A		0.174	0.228	0.134	0.114	0.252	0.43	0.491	0.27	0.25	0.889	0.38	0.172	0.67	0.647	0.829	0.162	0.228	0.337	0.43	0.166	
C		0.297	0.141	0.92	0.434	0.231	0.114	0.412	0.23	0.21	0.32	0.555	0.48	0.85	0.193	0.62	0.76	0.474	0.85	0.127	0.439	
G		0.371	0.587	0.332	0.109	0.72	0.646	0.36	0.56	0.112	0.49	0.103	0.722	0.37	0.64	0.72	0.481	0.142	0.428	0.302	0.243	
T		0.156	0.41	0.44	0.342	0.444	0.195	0.58	0.892	0.84	0.28	0.302	0.56	0.809	0.95	0.34	0.278	0.155	0.148	0.139	0.15	
																						
>MA0419.1	YAP7																					
A		0.7195	0.195	0	0.10172	0.126	0	0.7781	0.10507	0.98	0.2246	0.6606										
C		0.2582	0	0	0.98	0.1168	0.97	0.2526	0	0	0.7759	0.1126										
G		0.195	0	0.2132	0.97	0.8333	0	0.198	0	0.6311	0.509	0.2313										
T		0.869	0.1041	0.8375	0.172	0	0.10436	0	0	0.4323	0.394	0.1229										
																						
>MA0420.1	ERT1																					
A		0.51	0.6	0	0	0	0.1	0.1	0.4													
C		0.1	0.47	0.1	0	0	0	0	0.63													
G		0.22	0.6	0	0.1	0.1	0	0	0.4													
T		0.16	0.41	0	0	0	0	0	0.28													
																						
>MA0421.1	NSI1																					
A		0.174	0	0	0.1832	0	0	0.118	0	0.49	0.779											
C		0	0	0.103	0	0.1832	0.1832	0.1739	0	0	0.841											
G		0.274	0.4	0	0	0	0	0	0.1832	0.1784	0.117											
T		0.1457	0.1817	0.1784	0	0	0	0	0	0	0.291											
																						
>MA0422.1	URC2																					
A		0.25	0	0	0	0.74	0.23	0.56	0.14	0.94	0.36											
C		0.38	0.1	0	0	0.9	0.17	0	0	0.6	0.17											
G		0.11	0	0.1	0.1	0.17	0.46	0	0	0	0.15											
T		0.27	0	0	0	0	0.14	0.43	0.85	0	0.32											
																						
>MA0423.1	YER130C																					
A		0.35	0	0	0	0	0	0.6	0.21	0.32												
C		0.28	0.97	0.91	0.1	0.1	0	0	0	0.28												
G		0.23	0.1	0	0	0	0	0.8	0.4	0.5												
T		0.13	0.2	0.9	0	0	0.1	0.32	0.75	0.34												
																						
>MA0424.1	YER184C																					
A		0.28	0.2	0	0	0	0	0.69	0.46													
C		0.37	0.17	0.77	0.1	0	0	0.31	0.15													
G		0.6	0.1	0.15	0	0.1	0.1	0	0.23													
T		0.28	0.71	0.8	0	0	0	0	0.15													
																						
>MA0425.1	YGR067C																					
A		0.36	0	0	0	0.1	0.41	0	0.27	0.23	0.24	0.25	0.25	0.22	0.26							
C		0.24	0.1	0.99	0.1	0.99	0	0.98	0.26	0.26	0.26	0.24	0.22	0.26	0.24							
G		0.27	0	0	0	0	0.31	0.1	0.17	0.2	0.2	0.25	0.26	0.26	0.26							
T		0.14	0	0.1	0	0	0.28	0.1	0.31	0.31	0.3	0.26	0.27	0.26	0.25							
																						
>MA0426.1	YHP1																					
A		0	0.203	0.203	0	0	0															
C		0	0	0	0	0	0															
G		0	0	0	0	0	0.203															
T		0.203	0	0	0.203	0.203	0															
																						
>MA0428.1	YKL222C																					
A		0.48	0.69	0	0	0	0.92	0.52	0.65	0.1												
C		0.23	0.1	0.1	0	0	0	0.2	0.6	0.1												
G		0.15	0.19	0	0.1	0.1	0.8	0.44	0.6	0.1												
T		0.15	0.2	0	0	0	0	0.2	0.23	0.69												
																						
>MA0429.1	YLL054C																					
A		0	0	0	0.21	0.9	0.13	0.56														
C		0.1	0	0	0.64	0.66	0.5	0.14														
G		0	0.1	0.1	0.14	0.16	0.77	0.7														
T		0	0	0	0	0.9	0.5	0.21														
																						
>MA0430.1	YLR278C																					
A		0.13	0	0	0	0.96	0.4	0.23	0.27													
C		0.42	0.1	0	0	0	0.14	0.2	0.5													
G		0.13	0	0.1	0.1	0.4	0.82	0.5	0.5													
T		0.31	0	0	0	0	0	0.7	0.63													
																						
>MA0431.1	TDA9																					
A		0.32	0	0	0	0	0.3	0	0.44	0.19												
C		0.24	0.1	0.1	0.1	0.1	0	0.1	0.16	0.35												
G		0.23	0	0	0	0	0.36	0	0.3	0.15												
T		0.21	0	0	0	0	0.34	0	0.38	0.31												
																						
>MA0432.1	YNR063W																					
A		0.8	0	0	0	0.1	0.1	0.9	0.33													
C		0.8	0.1	0	0	0	0	0	0.3													
G		0.18	0	0.1	0.1	0	0.8	0	0.3													
T		0.68	0	0	0	0	0.1	0.1	0.63													
																						
>MA0433.1	YOX1																					
A		0.1	0	0.1	0.1	0	0	0.62	0.54													
C		0.25	0	0	0	0	0	0.3	0.13													
G		0.7	0	0	0	0	0	0.15	0.13													
T		0.66	0.1	0	0	0.1	0.1	0.21	0.19													
																						
>MA0434.1	YPR013C																					
A		0.11	0	0.9	0.63	0.4	0.1	0	0	0.36												
C		0.36	0	0.26	0.26	0	0	0	0.1	0.3												
G		0.11	0.1	0	0	0.6	0	0	0	0.17												
T		0.41	0	0.65	0.11	0	0	0.1	0	0.17												
																						
>MA0435.1	YPR015C																					
A		0.75	0.158	0.382	0.376	0.274	0.552	0.16	0.4	0.2	0.983	0.884	0.986	0.5	0.4	0.326	0.86	0.258	0.45	0.281	0.333	
C		0.242	0.204	0.17	0.24	0.5	0.169	0.747	0.4	0.16	0.7	0.1	0.2	0.2	0.983	0.575	0.221	0.19	0.11	0.396	0.33	
G		0.144	0.341	0.173	0.137	0.462	0.24	0.17	0.988	0.3	0.3	0.109	0.4	0.2	0.1	0.55	0.77	0.196	0.173	0.62	0.68	
T		0.537	0.295	0.274	0.245	0.212	0.37	0.218	0.2	0.978	0.5	0.4	0.6	0.989	0.9	0.43	0.613	0.354	0.266	0.26	0.266	
																						
>MA0436.1	YPR022C																					
A		0.15	0	0	0	0.1	0	0.23														
C		0.66	0.1	0.1	0.1	0	0.1	0.26														
G		0	0	0	0	0	0	0.34														
T		0.2	0	0	0	0	0	0.18														
																						
>MA0437.1	YPR196W																					
A		0.61	0.32	0.17	0.24	0.17	0.12	0	0	0.3												
C		0	0	0	0.4	0.44	0.32	0.93	0.1	0												
G		0.26	0	0	0.2	0.11	0.7	0.7	0	0.93												
T		0.13	0.68	0.83	0.69	0.28	0.49	0	0	0.5												
																						
>MA0438.1	YRM1																					
A		0.51	0.2	0	0	0.1	0.6	0.93	0.12													
C		0.15	0.94	0	0	0	0.12	0.1	0.8													
G		0.23	0.2	0.1	0.1	0	0.16	0.1	0.4													
T		0.11	0.2	0	0	0	0.12	0.5	0.76													
																						
>MA0439.1	YRR1																					
A		0.21	0.16	0.22	0.89	0.19	0.28	0.4	0	0	0.3	0.6										
C		0.42	0.16	0.8	0.1	0.9	0.33	0.22	0.1	0.1	0	0.41										
G		0.22	0.1	0.4	0.2	0.4	0.8	0.7	0	0	0.95	0.14										
T		0.15	0.57	0.66	0.8	0.68	0.32	0.68	0	0	0.2	0.39										
																						
>MA0440.1	ZAP1																					
A		0.169	0	0	0	0	0.107	0.169	0.119	0	0	0	0.21	0.119	0.9	0.46						
C		0	0.279	0.279	0.97	0	0.77	0	0.17	0	0	0	0.97	0	0.17	0						
G		0	0	0	0	0	0.17	0	0.57	0.279	0.279	0	0.37	0.57	0	0.198						
T		0	0	0	0.107	0.169	0	0	0	0	0	0.169	0.58	0.9	0.145	0						
																						
>MA0441.1	ZMS1																					
A		0.15	0.31	0	0	0	0	0.19	0.5	0.5												
C		0.15	0.11	0.1	0.1	0.1	0.1	0.4	0.85	0.1												
G		0.15	0.11	0	0	0	0	0.54	0.5	0.1												
T		0.55	0.46	0	0	0	0	0.24	0.5	0.3												
																						
>MA0929.1	NCU00019																					
A		0.326	0.225	0.32	0.15	0.111	0.803	0.999	0.898	0.26	0.923	0.438	0.413									
C		0.225	0.225	0.127	0.55	0	0.101	0	0	0.521	0.26	0.219	0.196									
G		0.225	0.225	0.23	0.741	0	0	0	0	0.26	0.26	0.124	0.196									
T		0.225	0.326	0.323	0.55	0.889	0.96	0	0.101	0.428	0.26	0.219	0.196									

